/* I/O:
In #1:
10
10 10
1 1 2 2 3 3 4 4 5 6
1
2
3
4
5
6
2
3
4
2
10 10
3 3 3 3 3 3 4 4 5 6
3
5
6
7
4
3
2
5
4
0
10 10
28703 23811 31322 30333 17673 4664 15141 7711 28253 6868
25557
27654
32672
32767
20047
12869
8733
9751
27539
788
10 10
12316 3035 22190 1842 288 30106 9040 8942 19264 22648
27456
23815
15900
12316
24380
15360
15016
31111
24403
3558
10 10
19629 12623 24084 19954 18756 11840 4966 7376 13931 26308
16954
32449
24636
11333
4966
21548
16128
12623
22939
16551
10 10
4833 31115 4639 29658 22704 9930 13977 2306 31673 22386
5031
28755
26934
19082
6280
5839
26787
15583
5107
16522
10 10
23986 13290 9161 18636 22355 24767 23655 15574 4031 12052
27360
1160
16951
21734
13976
3440
31117
30201
18017
11347
10 10
15457 12287 27753 10383 14945 8909 32209 9758 24221 18588
6432
24956
27516
15457
16423
29178
910
32601
18772
1665
10 10
17410 6359 27624 20537 21548 6483 27595 4041 3602 24350
10301
30846
9384
11030
4606
24031
27358
23209
6359
24494
10 10
8281 4734 53 1999 26418 27938 6900 3788 18127 467
3738
14903
24658
22493
17817
2431
14320
53
22823
9524

Out #1:
2
2
2
2
1
1
2
2
2
2
6
1
1
0
2
6
0
1
2
0
0
0
0
0
0
0
0
0
0
0
0
0
0
1
0
0
0
0
0
0
0
0
0
0
1
0
0
1
0
0
0
0
0
0
0
0
0
0
0
0
0
0
0
0
0
0
0
0
0
0
0
0
0
1
0
0
0
0
0
0
0
0
0
0
0
0
0
0
1
0
0
0
0
0
0
0
0
1
0
0

In#2:
10
10 10
1 1 1 1 1 1 1 1 1 1
1
1
1
1
1
1
1
1
1
1
10 10
1 1 1 1 1 1 1 1 1 1
1
1
1
1
1
1
1
1
1
1
10 10
1 1 1 1 1 1 1 1 1 1
1
1
1
1
1
1
1
1
1
1
10 10
1 1 1 1 1 1 1 1 1 1
1
1
1
1
1
1
1
1
1
1
10 10
1 1 1 1 1 1 1 1 1 1
1
1
1
1
1
1
1
1
1
1
10 10
1 1 1 1 1 1 1 1 1 1
1
1
1
1
1
1
1
1
1
1
10 10
1 1 1 1 1 1 1 1 1 1
1
1
1
1
1
1
1
1
1
1
10 10
1 1 1 1 1 1 1 1 1 1
1
1
1
1
1
1
1
1
1
1
10 10
1 1 1 1 1 1 1 1 1 1
1
1
1
1
1
1
1
1
1
1
10 10
1 1 1 1 1 1 1 1 1 1
1
1
1
1
1
1
1
1
1
1

Out #2:
10
10
10
10
10
10
10
10
10
10
10
10
10
10
10
10
10
10
10
10
10
10
10
10
10
10
10
10
10
10
10
10
10
10
10
10
10
10
10
10
10
10
10
10
10
10
10
10
10
10
10
10
10
10
10
10
10
10
10
10
10
10
10
10
10
10
10
10
10
10
10
10
10
10
10
10
10
10
10
10
10
10
10
10
10
10
10
10
10
10
10
10
10
10
10
10
10
10
10
10
*/