Input #1
8
85 59
816 291 321 704 100 257 170 665 202 598 304 607 196 136 28 707 462 931 679 573 451 962 982 948 218 317 286 20 166 822 669 981 113 341 36 212 597 558 877 151 507 180 757 702 316 136 408 129 67 439 701 517 752 683 816 969 351 453 340 868 275 9 848 387 349 236 950 298 793 826 448 299 358 556 352 673 691 111 153 757 901 854 625 653 888 
40 12
590 245 313 457 519 673 656 257 373 243 206 670 35 32 469 685 741 24 388 765 67 851 917 175 751 122 800 403 361 591 376 302 835 688 758 705 712 766 961 84 
8 6
754 395 902 222 431 642 598 171 
6 5
21 322 838 771 796 989 
26 5
932 901 458 118 940 567 823 651 684 135 86 692 653 839 438 554 413 220 547 10 390 952 25 410 626 862 
33 13
203 58 928 134 310 737 603 249 656 425 251 339 912 336 382 916 527 171 822 291 391 368 300 132 672 676 542 649 537 426 421 91 483 
100 75
792 437 179 392 92 955 994 782 866 681 164 134 207 686 955 497 76 674 148 208 345 823 101 993 712 526 413 154 360 113 730 151 901 908 542 344 862 887 125 80 567 640 213 126 326 519 974 753 192 122 312 537 296 764 881 359 641 646 865 1000 758 594 502 10 501 395 353 714 281 829 793 848 821 5 973 146 523 946 250 67 419 914 603 67 677 835 777 670 480 641 669 589 234 171 598 86 917 302 800 198 
31 9
45 303 949 17 448 823 314 49 889 733 962 843 151 991 678 927 660 509 568 680 98 801 202 47 239 119 349 38 316 831 981 
Output #1
17627
7770
1263
968
4213
6312
19210
7430

Input #2
1
44 37
245 525 525 935 319 520 688 344 122 73 993 424 809 666 465 886 867 583 983 519 524 489 574 110 665 733 218 820 395 461 886 640 337 410 926 655 282 614 351 403 38 343 179 847 
Output #2
5491

Input #3
6
516 124
273 497 952 641 822 105 359 446 248 834 826 554 120 144 318 438 763 348 362 988 985 605 190 596 309 160 40 635 326 907 599 598 403 551 590 577 7 300 22 254 133 199 160 604 342 477 393 104 825 754 443 809 358 632 756 19 792 147 5 117 53 604 66 808 506 7 384 512 306 405 766 790 956 925 746 297 401 138 753 577 892 195 737 601 179 493 971 970 991 976 438 44 931 855 851 436 861 234 947 518 990 712 659 945 988 404 594 741 542 346 317 785 892 406 737 70 250 708 391 240 35 180 283 965 386 485 400 598 718 698 115 60 762 126 4 749 529 949 489 422 646 158 206 538 915 295 959 164 354 702 403 388 233 38 704 619 522 103 216 592 152 683 651 913 808 6 662 688 307 502 110 952 659 315 841 573 609 800 736 962 853 491 701 85 528 404 703 401 858 271 992 10 305 994 922 112 352 583 799 658 85 908 961 95 575 802 20 535 601 107 849 805 597 549 889 476 305 944 229 162 566 220 523 870 566 445 333 917 379 483 926 815 391 886 262 317 687 281 203 639 739 51 443 688 952 684 163 608 979 391 769 544 963 644 413 880 88 97 148 818 579 73 633 321 310 246 637 997 526 192 987 616 242 782 303 545 465 466 152 795 208 273 338 522 916 102 401 355 198 548 172 128 972 156 449 282 401 437 630 278 628 616 894 222 749 196 766 565 13 270 359 573 542 696 446 457 149 847 163 698 746 334 826 718 842 274 351 594 710 980 224 690 947 117 911 696 664 676 260 29 945 619 953 838 666 398 646 167 244 808 864 342 494 41 59 335 314 409 280 376 740 503 65 686 971 975 733 635 2 993 15 299 963 967 488 980 364 134 498 960 293 714 301 786 754 711 472 420 471 752 795 562 254 211 247 225 537 332 211 538 676 577 188 638 543 676 969 258 161 819 217 453 532 869 239 285 931 62 704 401 813 498 962 419 60 561 995 596 892 557 486 567 133 25 556 27 700 876 284 212 694 501 665 225 721 255 862 652 316 565 404 481 415 718 251 474 630 597 422 873 153 907 439 637 931 346 663 983 573 946 194 619 798 210 195 519 464 56 170 132 621 925 964 387 642 214 860 271 810 281 143 314 539 933 950 470 630 612 452 555 557 997 173 355 207 367 225 22 423 746 153 395 670 468 781 664 
33 7
934 194 273 429 507 811 713 808 632 343 771 83 897 328 80 421 34 638 787 610 659 209 355 164 603 24 983 735 687 16 375 973 209 
999 998
68 161 465 875 793 159 646 875 407 325 306 827 710 295 966 319 954 526 25 469 481 400 451 215 87 466 589 411 27 939 515 94 100 331 320 892 490 317 118 248 993 776 427 702 70 392 372 375 917 396 195 397 796 646 612 234 463 552 996 841 491 510 286 942 840 958 833 681 274 302 929 267 77 355 320 499 98 692 873 14 439 68 411 234 65 22 819 879 925 814 720 415 675 357 708 515 314 540 547 588 842 827 206 270 181 525 768 278 568 993 644 7 412 54 240 476 427 411 706 351 224 425 118 899 782 825 765 447 717 663 34 910 490 591 179 22 116 299 652 683 291 295 689 702 700 281 529 126 691 234 828 266 11 297 516 144 474 632 590 542 295 976 451 784 566 981 805 33 279 456 716 921 102 756 974 801 388 502 926 430 88 106 696 98 402 563 241 227 195 182 768 841 157 218 624 75 551 780 107 181 588 174 102 689 282 427 842 21 281 119 451 368 224 498 465 978 412 57 204 606 590 324 446 99 893 421 173 443 553 631 624 140 157 77 180 790 855 21 810 135 492 612 502 715 109 318 44 521 726 600 478 316 923 276 766 815 696 290 610 248 920 585 739 428 13 271 217 867 643 27 2 134 990 855 201 99 173 596 971 250 195 448 917 469 75 682 636 771 971 245 370 243 829 461 670 841 83 239 59 725 617 60 211 606 915 763 704 439 358 26 688 905 826 605 373 900 638 8 22 609 604 392 851 432 204 872 624 286 110 683 362 726 94 924 332 360 686 387 798 44 413 838 948 590 794 672 489 431 32 511 391 635 254 241 419 809 465 42 446 574 76 807 652 170 83 335 529 768 721 679 163 485 516 462 426 309 134 915 91 165 777 482 151 30 74 569 190 538 611 635 464 38 793 115 207 875 449 88 995 521 766 157 358 281 971 783 941 104 49 31 620 825 864 770 206 938 691 395 475 301 29 938 338 822 404 897 48 204 984 42 77 101 199 786 381 169 568 673 624 969 55 595 793 919 716 351 856 406 745 682 58 126 972 748 299 375 644 346 931 979 388 7 79 938 792 811 458 711 483 81 679 889 27 824 807 742 174 662 500 270 696 557 395 667 304 693 41 299 391 323 629 778 329 707 67 472 869 524 535 703 956 565 592 982 740 398 75 265 412 926 535 107 483 281 773 138 326 165 789 716 488 417 845 168 124 911 992 344 434 526 47 389 442 638 722 182 35 148 446 446 74 332 904 908 613 676 45 938 193 833 5 680 602 849 199 77 759 190 420 544 67 466 284 509 103 5 690 490 504 487 935 929 819 191 836 783 866 233 720 58 417 724 89 18 924 288 94 682 477 514 225 896 331 508 404 434 864 445 923 719 283 209 648 453 399 835 235 617 67 306 26 836 381 115 205 304 402 651 337 230 516 561 477 846 420 880 631 635 676 553 354 311 114 1 763 864 187 998 480 606 303 506 441 36 620 997 339 373 647 676 954 162 588 431 360 8 662 990 642 690 543 347 1000 8 347 762 871 534 111 703 139 766 208 931 801 179 927 491 903 926 166 208 87 106 638 446 465 652 436 106 341 330 453 692 689 151 805 559 36 916 261 526 681 820 808 833 350 735 323 252 660 841 460 98 946 449 896 410 100 683 867 792 364 671 835 52 174 640 962 209 907 575 87 939 746 894 771 96 980 93 347 639 285 158 89 230 607 984 991 58 666 858 202 381 880 36 432 53 27 393 614 933 319 52 871 65 945 993 160 925 438 858 915 722 16 355 952 974 338 294 383 355 151 936 735 383 324 518 787 350 263 400 635 581 451 857 645 748 850 156 24 639 366 290 360 381 645 663 706 334 957 440 41 459 376 127 841 699 997 628 400 259 379 34 191 182 243 188 281 444 343 304 82 708 945 441 440 589 104 497 275 60 937 667 870 312 793 711 362 789 690 761 399 68 147 590 249 389 777 529 832 471 184 265 179 129 705 970 69 160 467 343 571 755 9 441 418 154 151 779 942 840 891 341 259 37 282 860 777 58 388 608 528 924 872 58 52 929 28 120 88 846 815 659 600 823 451 17 976 601 147 270 792 37 962 402 426 243 261 202 652 1 162 531 924 33 589 975 313 968 446 753 813 260 411 764 83 213 132 410 165 630 31 956 666 992 709 443 586 970 645 589 970 806 120 893 190 708 219 503 27 664 255 191 924 17 954 358 581 437 119 745 66 150 700 83 493 760 526 431 729 522 19 698 327 138 942 516 197 512 370 223 176 976 413 451 344 718 160 
924 237
278 668 923 779 719 6 624 479 883 54 559 756 424 609 82 914 550 949 110 62 671 685 589 998 449 391 342 167 550 617 672 179 637 595 958 707 952 933 185 186 986 744 941 761 704 374 674 253 322 136 666 344 820 606 342 268 996 35 786 545 3 810 724 639 756 33 346 59 965 882 244 302 977 536 62 680 909 88 285 582 223 302 278 394 908 971 13 903 5 799 800 7 960 875 998 715 259 343 125 575 576 720 876 553 255 289 232 515 376 868 448 598 170 77 991 77 47 4 331 51 154 482 410 113 708 407 179 966 101 655 540 28 374 767 580 980 56 164 846 431 31 645 381 200 722 371 628 768 726 311 171 231 792 580 695 500 338 873 817 790 879 357 169 252 475 749 231 530 264 76 313 646 721 693 198 794 415 825 561 493 135 731 723 279 662 418 130 351 642 946 492 521 654 661 772 129 761 355 10 24 782 322 21 854 366 218 647 133 395 560 625 529 290 699 159 304 116 288 6 110 234 498 630 239 510 753 367 622 107 377 997 241 50 17 94 416 235 93 548 629 652 524 509 293 222 20 596 690 307 954 799 892 803 428 131 312 532 497 933 991 225 929 231 275 297 676 42 531 768 941 511 419 464 372 712 37 391 659 726 697 612 524 941 766 303 71 77 835 919 361 825 496 641 407 770 938 82 163 820 850 455 331 620 918 702 683 306 92 694 32 140 305 907 80 423 210 150 499 396 421 212 572 916 852 978 37 141 411 199 961 612 5 291 232 274 344 914 579 435 959 610 926 616 869 6 38 430 507 888 825 279 99 748 194 303 725 582 443 487 780 403 99 136 45 330 409 388 595 988 174 554 949 452 169 817 809 206 246 315 445 422 946 544 169 139 198 245 73 640 732 852 395 830 340 791 511 748 531 457 735 704 362 684 155 882 852 963 439 450 630 884 871 927 779 392 417 976 988 489 967 71 693 361 252 32 504 114 779 34 571 514 89 284 549 596 166 400 910 956 849 539 839 72 817 617 815 234 944 802 722 911 873 414 623 476 797 126 590 576 159 160 441 248 795 989 843 312 740 752 268 941 643 458 12 459 427 178 44 370 331 118 280 203 883 903 31 680 380 620 607 539 131 47 138 925 387 332 237 126 83 856 66 77 313 429 888 739 606 283 461 937 400 740 491 283 994 521 314 374 492 920 264 622 966 401 899 352 84 487 477 518 342 895 595 6 675 834 97 281 116 557 569 516 648 411 150 642 284 463 367 775 382 982 749 699 734 647 50 817 485 878 334 826 772 280 183 447 113 279 79 229 835 999 96 483 409 597 476 692 59 194 819 792 175 567 490 908 565 539 724 49 768 409 226 540 689 408 338 801 39 768 381 873 766 828 707 526 424 182 218 834 375 36 625 901 954 114 808 518 4 883 918 772 292 143 663 980 902 352 132 292 119 513 165 236 692 223 761 116 757 330 949 483 717 926 384 670 39 543 539 395 426 808 166 717 302 180 48 204 531 179 847 1 43 11 588 735 586 700 202 342 30 502 176 746 427 559 768 818 454 658 212 879 466 729 947 767 908 346 322 790 876 169 142 919 531 729 5 468 428 206 161 809 707 337 907 134 247 26 303 700 683 514 930 500 594 228 619 853 573 292 642 449 812 135 719 695 215 723 162 994 280 323 803 986 11 61 471 257 86 773 309 120 638 238 620 231 818 590 83 390 881 76 190 45 210 908 739 424 982 900 770 261 574 572 599 584 632 421 841 69 194 149 188 183 738 159 766 555 100 200 297 333 276 838 377 837 98 115 613 79 366 382 692 940 305 290 523 288 710 715 356 255 215 895 790 305 54 555 211 153 754 507 485 381 697 861 218 794 327 830 872 693 563 563 632 867 204 506 154 266 221 861 520 435 755 309 739 808 215 950 313 969 808 149 349 504 362 918 297 688 99 521 732 661 435 715 527 639 221 32 904 793 892 775 227 999 436 318 806 650 619 470 970 426 619 671 282 332 588 578 371 39 450 103 699 885 817 578 523 389 961 778 181 205 552 760 203 987 429 360 989 47 830 310 824 800 980 105 483 920 35 853 958 484 955 8 720 124 585 242 864 546 371 
397 105
923 156 304 261 584 663 601 982 844 911 805 643 890 262 125 161 648 330 470 483 284 478 203 759 62 796 623 959 167 19 60 441 526 363 53 461 26 654 442 869 564 598 864 805 211 340 318 858 669 787 341 305 264 543 63 678 690 37 636 856 55 696 648 932 410 701 392 435 354 185 656 269 135 519 425 345 858 742 555 879 881 247 183 144 141 245 821 830 282 809 38 688 504 685 972 913 385 363 700 90 900 355 710 34 225 487 730 82 580 636 960 460 882 494 604 22 739 776 204 372 584 241 411 439 925 382 352 662 97 403 103 996 757 165 381 981 651 462 414 230 98 726 690 331 219 645 705 309 420 908 32 4 148 443 794 424 824 145 437 920 899 892 267 655 56 647 987 58 109 753 639 558 830 328 888 400 324 592 61 96 499 92 451 998 886 244 774 710 741 210 981 639 101 248 646 508 246 984 565 706 88 204 263 917 883 503 669 559 446 729 654 945 172 104 294 58 699 67 119 439 629 451 78 81 50 723 941 296 706 857 353 794 60 968 62 295 470 730 853 915 810 858 211 334 313 505 391 11 923 861 450 903 311 527 336 361 601 276 8 658 132 360 451 544 327 865 838 148 946 42 63 108 251 625 441 563 481 183 573 404 43 374 658 705 900 993 417 852 620 424 510 752 136 312 295 814 176 484 962 474 877 376 581 127 1000 21 689 481 555 613 236 597 987 245 653 238 590 70 90 209 493 599 960 980 910 606 146 438 441 107 911 317 834 843 443 185 215 483 17 769 448 604 717 434 849 369 671 438 438 112 998 283 710 958 614 972 915 759 761 356 217 23 672 402 865 467 587 79 301 603 847 748 207 915 181 407 283 204 196 73 667 193 707 729 150 320 700 417 431 812 772 647 834 795 49 698 261 
635 552
914 589 326 661 147 240 194 905 874 749 100 946 415 293 652 143 794 324 194 210 754 5 333 400 190 128 800 239 740 786 366 653 375 691 314 873 282 859 778 156 607 877 101 21 521 105 516 315 428 709 876 181 66 209 932 255 688 732 494 427 517 211 432 243 254 97 468 535 955 245 690 913 473 143 285 346 599 800 660 26 509 887 558 926 447 489 180 134 572 25 913 441 236 344 35 489 792 502 375 746 98 417 10 923 911 294 268 509 94 279 534 954 165 443 879 612 283 410 97 855 435 9 295 22 704 329 862 495 183 236 592 280 4 601 554 914 247 821 422 692 99 307 645 616 101 875 227 384 636 675 238 70 36 884 91 739 564 952 586 746 540 529 378 543 482 931 809 728 104 582 419 202 889 415 817 341 641 395 724 276 70 961 346 105 196 788 195 760 92 132 857 983 661 586 877 142 517 685 221 620 619 991 173 859 405 342 199 397 736 923 672 157 235 369 613 431 509 160 542 600 291 750 934 951 336 810 444 204 847 664 175 465 654 347 323 410 40 521 806 128 795 478 284 30 198 249 812 706 760 353 657 50 102 590 353 789 752 796 992 598 812 518 414 817 865 88 227 904 608 32 31 403 861 667 784 59 267 595 764 26 299 421 427 752 362 779 541 113 927 884 62 738 402 475 906 618 562 132 873 522 516 256 276 376 274 59 786 540 5 902 917 303 322 343 54 35 474 946 148 400 830 209 489 583 36 394 200 949 878 72 470 393 679 745 120 952 155 906 843 159 159 759 813 832 454 867 866 927 164 13 678 345 574 166 927 609 911 478 557 788 550 379 180 580 475 652 532 630 909 374 140 67 485 953 898 938 171 763 864 686 128 541 31 701 58 957 661 968 435 569 108 336 947 287 915 774 290 798 755 198 172 894 264 656 198 161 945 720 924 808 406 51 700 436 103 757 744 763 76 530 683 183 217 630 822 484 755 111 281 509 309 804 754 572 811 952 85 755 23 8 914 428 410 613 215 512 721 311 274 797 840 956 331 57 937 152 540 691 615 172 551 923 976 305 846 138 608 930 893 630 289 806 410 698 771 976 209 491 286 834 639 478 790 970 886 78 473 425 121 87 948 671 361 275 327 559 413 934 840 305 916 129 462 325 178 232 300 387 75 938 220 713 415 361 34 300 439 507 76 559 945 23 581 658 298 908 216 710 841 55 366 756 535 827 432 713 411 84 451 485 21 670 549 435 383 583 734 173 89 809 731 385 183 663 42 832 570 609 541 763 16 258 870 550 437 654 614 847 737 64 331 757 86 879 191 820 813 276 992 253 84 74 638 618 736 31 450 658 640 342 420 655 600 641 556 36 294 170 234 30 585 916 138 22 146 328 841 959 955 832 211 390 257 200 8 993 231 457 650 870 798 421 876 749 61 431 784 707 952 17 88 889 932 226 910 
Output #3
92554
5598
999
175404
76893
71863


Input #4
8
386 68
241 447 572 558 870 766 727 188 525 570 881 12 866 724 262 612 173 847 50 801 514 666 440 371 812 597 49 580 824 435 526 65 233 97 622 454 214 700 641 739 269 874 102 135 949 363 98 121 562 499 274 75 164 713 446 328 310 494 907 133 280 784 197 513 233 170 966 446 869 959 536 138 832 638 624 132 352 721 253 913 572 526 340 735 590 785 414 899 630 672 32 262 456 580 126 40 750 443 837 970 401 725 107 584 362 82 716 65 155 320 978 726 197 669 812 786 453 226 685 434 249 68 695 704 999 820 95 100 263 932 70 15 656 528 951 369 610 18 433 764 337 762 489 885 430 652 670 234 877 706 20 126 125 66 181 124 238 276 223 852 559 292 866 214 820 168 582 429 185 366 544 873 480 384 757 909 35 779 495 264 836 514 389 961 931 921 84 168 548 306 19 106 950 885 671 769 404 604 549 589 970 92 813 449 475 570 709 509 700 203 772 887 68 512 847 999 785 282 166 684 940 537 142 889 421 812 657 176 416 557 764 737 1000 577 185 474 498 245 334 549 800 458 435 867 321 634 217 457 915 735 141 854 271 282 742 43 445 750 218 860 658 334 596 657 262 132 482 111 729 168 659 528 625 445 746 297 78 315 754 345 49 246 198 671 879 292 713 323 41 282 183 699 615 130 707 228 614 189 338 342 356 996 869 332 793 966 628 870 280 733 214 680 330 764 350 208 55 414 531 447 696 713 497 662 194 204 890 807 744 579 148 99 927 368 782 719 334 761 940 965 494 506 645 823 269 994 383 675 760 913 473 455 977 970 468 170 525 709 977 268 640 476 718 566 196 499 284 529 611 575 845 104 80 489 279 700 835 661 726 594 925 199 400 901 520 219 
70 13
928 398 663 567 874 380 484 69 230 119 949 840 693 145 296 125 634 926 176 820 938 902 413 862 452 812 762 971 382 831 14 661 581 676 579 806 407 62 874 636 180 174 827 873 318 474 997 303 399 172 122 688 425 534 549 876 697 662 846 431 493 859 91 425 886 670 230 292 731 455 
279 0
980 106 135 297 931 131 952 330 654 73 17 431 959 918 306 7 579 152 437 423 362 880 847 600 549 76 891 279 882 522 541 861 627 675 510 557 157 461 238 163 885 607 593 843 876 898 202 454 401 990 877 115 869 75 714 417 503 956 48 384 477 588 245 455 263 754 364 771 566 953 933 450 559 525 293 434 775 846 240 527 835 116 993 704 542 58 120 44 14 519 428 842 107 24 297 721 129 660 843 694 612 776 143 523 652 787 308 778 632 547 657 467 14 649 170 556 707 641 599 72 512 378 913 618 753 561 690 881 220 532 926 184 307 69 58 311 855 365 88 487 912 96 305 925 745 826 480 803 818 431 226 329 160 138 298 913 51 987 145 622 519 71 805 177 491 214 839 345 579 279 183 842 374 839 118 470 664 598 272 834 380 849 162 891 987 460 155 37 446 300 10 316 722 815 845 212 380 683 908 958 961 443 151 335 633 269 156 297 218 428 482 597 276 643 839 614 454 994 2 252 293 12 567 366 178 763 929 557 446 836 867 758 630 17 92 263 285 248 911 502 27 392 450 654 386 289 620 840 282 973 91 926 984 9 643 513 772 571 422 569 758 640 326 388 656 770 2 293 369 912 146 747 655 596 400 392 236 371 231 
869 612
673 146 679 34 788 192 157 358 965 725 115 604 402 854 611 171 855 903 891 118 49 637 124 996 389 516 583 759 98 451 102 123 948 781 508 735 324 664 444 288 740 910 891 493 764 501 16 970 756 906 440 156 543 915 503 283 782 85 41 232 887 143 354 834 275 213 920 598 228 363 237 967 272 479 811 35 331 826 357 86 84 148 593 978 62 95 260 844 531 300 427 417 794 780 602 68 344 521 17 571 883 605 537 507 83 699 893 414 525 249 851 608 748 444 585 810 890 844 5 421 495 431 189 289 562 791 708 905 663 77 475 898 681 363 404 116 61 296 529 937 897 731 544 644 174 480 805 416 675 809 836 170 591 376 810 152 518 517 408 181 945 234 78 626 596 833 741 9 480 621 945 376 351 841 372 877 672 176 644 347 337 479 868 927 206 677 431 724 545 190 904 490 424 333 467 371 517 559 379 996 179 676 372 881 868 95 109 539 270 752 237 606 582 104 885 788 132 667 511 677 856 766 518 631 98 336 2 614 894 732 609 424 759 332 656 978 426 765 517 48 868 105 5 450 561 241 589 692 907 99 720 115 864 589 745 313 924 746 278 169 830 238 592 588 570 600 918 347 716 434 746 583 890 103 384 450 343 972 494 250 70 565 364 285 154 460 597 77 558 226 598 387 464 541 326 385 140 243 83 855 28 829 438 270 931 173 719 273 145 564 874 566 129 589 203 282 49 151 710 958 377 307 344 840 848 21 224 339 616 306 194 643 486 983 912 768 155 983 393 651 546 266 217 26 207 419 659 607 569 369 564 297 27 259 136 226 279 711 917 894 17 110 889 854 444 152 622 950 134 14 601 32 279 169 57 837 939 68 443 859 788 6 156 814 616 643 392 895 354 308 140 722 769 28 575 212 180 196 513 665 209 113 696 840 633 105 676 571 172 471 782 959 828 937 124 444 931 867 690 284 526 829 5 294 857 580 857 36 127 722 700 336 834 748 527 819 204 554 741 375 376 522 685 204 810 160 999 741 379 688 24 904 516 381 550 724 960 758 111 438 479 163 773 665 910 651 483 113 557 223 839 932 97 875 135 906 386 485 646 764 172 22 668 40 402 569 763 713 678 226 150 157 388 275 173 649 925 655 113 481 229 951 765 325 177 251 231 562 736 228 678 259 249 697 298 2 265 413 714 942 638 864 450 25 138 622 673 414 628 785 247 857 87 11 181 615 261 763 176 348 991 205 607 591 901 904 593 165 668 658 459 305 521 908 681 10 882 705 776 509 489 22 365 927 384 898 541 996 12 69 344 354 625 950 297 526 205 889 690 225 546 500 529 419 408 210 780 641 266 555 149 755 928 866 33 311 115 926 659 126 346 2 832 970 303 128 495 859 368 537 83 265 36 964 683 795 525 463 435 790 369 936 896 297 153 929 959 267 206 617 744 903 970 575 872 624 702 719 483 421 255 917 686 642 880 368 437 404 182 223 546 551 510 441 199 662 721 157 928 926 126 672 828 447 598 52 71 652 770 905 72 376 173 757 17 53 477 805 808 658 380 353 208 889 794 406 551 514 915 478 792 40 501 619 838 451 22 908 102 791 164 525 518 337 282 535 741 758 691 548 767 70 253 975 959 398 732 509 263 998 338 54 389 191 25 227 641 46 486 94 837 650 970 706 338 251 240 78 360 283 625 127 352 229 453 662 626 536 170 889 534 860 942 274 402 966 500 394 364 986 487 552 987 456 257 324 59 849 401 770 131 377 896 482 958 348 144 583 236 665 471 769 876 765 42 277 82 894 670 445 231 508 996 569 316 605 892 726 453 644 495 583 372 743 416 329 442 911 264 677 928 734 797 803 850 191 432 932 84 453 728 666 313 76 234 980 680 125 705 484 120 551 66 843 293 833 172 735 744 435 763 671 520 560 825 370 750 256 653 185 709 380 850 373 807 435 352 838 911 408 321 30 958 738 872 603 571 395 689 
314 134
803 336 701 362 160 70 463 416 74 999 476 805 848 848 612 634 199 449 544 958 770 573 267 507 797 869 429 191 909 742 20 712 77 72 425 237 141 888 4 214 886 479 18 86 326 981 719 876 430 263 833 551 187 99 409 983 320 838 174 228 931 545 291 8 616 716 596 108 955 599 673 840 429 42 277 106 23 348 981 804 610 165 354 148 615 114 131 934 951 656 514 882 552 156 241 519 871 836 626 825 786 650 17 214 691 293 319 713 640 651 516 601 815 221 749 429 335 231 715 637 238 580 518 789 735 758 659 606 945 284 782 82 933 798 295 975 443 965 40 434 615 907 35 781 128 135 562 814 717 276 450 954 207 320 94 941 429 752 898 374 35 680 455 319 829 102 645 623 66 684 57 33 591 91 813 70 577 374 883 293 1 332 246 207 3 339 148 432 90 397 805 476 76 611 146 257 712 142 879 130 826 935 162 416 377 974 485 953 700 719 245 700 402 842 907 405 532 406 836 973 802 640 800 230 602 297 486 666 439 716 795 264 3 308 31 379 281 867 684 980 585 280 32 986 122 938 742 653 695 577 978 496 568 777 725 170 74 562 835 512 278 981 127 280 288 157 10 920 23 45 252 959 325 283 944 446 572 38 450 266 614 427 761 182 556 838 703 629 399 889 140 28 869 266 659 508 774 669 427 796 713 678 106 389 312 401 834 883 438 636 148 52 414 261 
585 483
98 639 949 848 527 440 876 747 57 534 254 830 554 32 977 619 62 82 7 373 483 193 608 920 828 107 323 593 367 907 562 816 545 862 664 423 302 891 169 358 424 774 188 330 158 516 948 219 598 954 943 432 146 550 351 325 657 674 918 375 932 831 543 829 692 558 251 345 448 772 703 223 897 890 552 54 757 499 624 354 805 567 785 302 468 488 627 476 513 896 203 444 78 745 624 121 302 875 466 101 998 168 323 894 409 875 300 165 725 923 871 529 841 655 831 309 494 809 136 6 704 338 450 133 434 73 253 735 299 70 187 648 589 510 542 349 384 841 514 460 115 736 989 956 742 819 616 236 979 751 241 682 89 42 166 874 467 418 961 765 840 147 413 428 656 306 777 391 498 642 851 612 377 191 567 118 361 182 353 339 933 594 20 373 635 185 598 101 954 558 218 793 705 982 573 360 287 349 103 784 990 305 395 718 495 314 835 855 495 540 193 779 133 564 503 119 100 101 220 53 658 789 198 362 770 122 74 408 470 528 191 811 832 937 528 326 250 714 180 97 253 724 875 737 287 730 856 386 830 427 790 839 215 987 553 984 460 978 743 929 505 933 91 336 221 970 13 823 36 192 919 288 915 145 377 553 874 232 938 55 658 727 894 224 66 798 559 525 775 301 806 279 233 896 966 805 218 978 627 253 521 545 892 435 42 268 339 267 499 276 322 508 354 567 731 771 364 289 296 490 941 453 768 525 700 733 330 917 62 308 169 582 853 413 16 246 680 706 512 531 981 185 38 686 103 121 457 818 761 104 307 702 556 426 226 255 158 907 172 219 215 692 152 419 104 519 664 784 224 527 666 556 712 703 242 814 175 698 632 936 801 938 989 708 364 566 962 873 473 485 444 39 177 595 457 632 114 472 767 689 998 432 245 61 487 486 875 661 535 858 948 687 147 936 394 862 854 355 87 326 840 530 716 368 476 172 999 941 995 766 630 992 549 226 53 35 711 279 48 245 488 995 931 634 283 324 496 136 30 582 813 869 463 528 588 290 51 587 583 45 704 564 388 252 789 792 639 499 70 686 95 557 32 377 543 314 52 38 801 81 971 613 302 433 492 889 74 542 827 656 938 530 219 326 134 7 117 124 857 539 809 951 447 192 679 989 506 730 378 306 163 348 271 816 132 114 56 206 8 235 213 945 116 432 622 249 438 91 724 647 629 532 949 427 76 628 768 581 709 497 238 223 197 860 390 328 974 446 885 333 680 98 277 795 881 251 396 670 341 119 316 321 3 265 747 78 244 866 10 952 363 599 527 559 459 916 238 784 713 475 468 744 924 96 891 
804 77
638 825 686 756 141 358 110 757 457 539 1000 322 900 303 36 499 829 594 309 745 184 444 809 658 911 553 933 6 443 736 352 80 912 389 187 52 99 649 160 555 187 159 876 439 462 912 937 642 857 597 738 40 40 547 49 302 99 981 307 893 68 10 972 332 751 158 383 849 158 543 755 345 53 630 135 866 893 71 860 102 19 597 493 410 143 542 711 593 874 369 485 294 731 456 625 481 966 359 681 123 253 435 819 658 416 953 875 309 375 734 410 393 331 254 154 825 795 864 418 21 233 902 666 963 710 642 795 27 352 475 501 605 261 672 614 676 624 488 336 351 222 97 95 904 351 249 728 497 464 145 869 696 399 534 10 460 527 156 486 879 982 986 835 242 657 448 918 633 935 605 335 508 702 429 411 52 29 139 548 493 635 417 540 33 302 902 492 829 57 329 59 391 315 893 632 323 340 901 307 626 506 641 134 207 422 544 610 802 34 157 646 669 925 538 53 579 439 545 407 847 225 465 237 539 357 221 214 48 473 872 673 978 513 158 536 286 702 145 439 87 654 85 755 930 622 808 508 412 704 266 258 280 730 847 171 438 419 384 837 891 255 862 869 119 19 756 756 72 901 195 159 906 631 265 835 252 424 343 663 479 608 272 759 690 470 929 479 888 664 316 779 270 529 999 741 547 754 496 971 6 42 129 911 672 745 98 275 521 440 289 999 399 913 109 88 382 37 919 622 52 586 752 322 114 102 62 660 855 909 982 213 303 110 475 974 207 572 601 727 363 889 77 762 153 186 201 887 574 119 508 626 704 259 299 817 360 712 829 566 620 810 130 274 272 605 248 830 528 200 556 891 440 984 652 593 169 204 479 743 323 986 720 378 596 370 547 307 81 727 224 52 536 706 326 159 310 925 340 837 124 895 79 563 231 730 507 399 934 985 493 608 322 564 985 269 933 883 927 13 609 151 417 497 856 742 655 517 18 995 705 141 241 784 55 471 865 562 222 150 546 714 757 220 278 94 488 562 976 415 575 937 917 343 433 124 84 439 992 101 785 696 593 378 831 999 200 48 560 421 197 458 487 306 677 116 399 516 677 726 282 603 14 550 945 446 673 380 885 16 832 21 712 424 398 894 423 598 941 334 370 490 791 856 795 819 323 545 687 1000 622 320 954 636 870 899 81 542 278 317 558 110 338 621 885 87 866 659 684 159 993 406 648 135 261 794 306 936 690 344 935 311 663 240 946 532 138 379 426 768 47 335 229 736 307 113 823 524 772 858 682 116 263 681 602 876 474 259 811 163 602 97 826 265 336 123 148 826 853 573 593 900 259 821 635 565 285 809 441 408 19 122 875 281 803 477 508 628 735 670 143 337 118 968 953 806 442 100 983 295 25 575 194 283 747 180 200 31 341 640 791 359 113 665 991 267 141 499 895 228 520 389 916 638 708 868 795 149 967 777 443 343 703 636 978 449 168 529 831 508 168 973 866 632 638 856 899 130 706 145 357 226 885 272 215 592 139 361 740 458 137 183 152 839 170 129 639 689 657 821 196 176 794 413 808 431 269 58 560 326 554 269 903 438 540 117 29 31 477 120 840 965 302 991 803 824 472 793 864 128 614 60 656 407 472 815 189 92 872 100 418 425 368 320 214 260 789 242 642 617 361 481 582 15 823 736 190 646 529 53 774 494 464 781 252 288 595 440 379 818 891 148 242 611 820 455 870 960 48 863 576 760 695 157 774 517 245 963 163 125 368 288 618 831 420 869 118 14 660 849 831 550 996 424 160 167 230 381 126 277 243 702 36 289 210 162 806 806 476 320 930 843 959 547 26 
378 72
143 743 426 343 573 328 691 996 487 857 577 220 335 853 814 388 240 103 597 401 260 755 877 931 684 71 889 583 96 618 349 591 712 775 933 284 102 975 631 940 832 207 511 166 411 325 553 2 427 501 403 686 607 631 616 291 53 856 873 149 825 221 91 536 347 375 171 800 350 153 92 533 359 602 50 121 926 954 122 704 806 876 389 413 506 356 703 911 563 927 411 739 147 501 626 846 227 796 645 576 948 736 460 658 690 509 130 615 462 252 319 268 479 59 680 337 767 734 247 329 660 657 420 158 157 45 3 735 841 1000 663 140 87 122 798 776 983 927 743 444 530 61 63 9 471 94 345 237 827 943 566 486 599 985 996 107 29 998 841 221 349 503 361 436 977 510 563 959 788 305 402 318 717 817 678 188 910 374 424 737 316 341 574 266 325 569 372 706 919 564 278 619 419 990 406 395 499 969 353 287 273 106 956 342 922 985 529 184 710 952 920 377 293 845 642 969 414 365 26 684 928 304 302 346 293 708 92 144 28 796 782 652 902 89 993 175 73 521 358 782 473 629 158 117 474 151 85 239 515 463 922 794 118 575 492 762 634 583 905 661 379 38 313 632 126 305 158 198 178 516 331 2 144 488 118 969 990 554 207 504 16 128 650 133 703 141 247 688 75 151 349 805 541 661 788 666 317 946 864 494 461 194 495 956 34 964 925 375 518 131 231 885 611 880 370 665 372 616 352 446 118 700 603 658 712 390 324 381 335 539 226 147 84 73 103 469 36 27 844 905 509 74 790 119 953 511 783 324 126 487 121 595 186 723 253 250 465 928 630 799 466 855 946 549 279 400 18 315 778 213 219 286 286 360 757 238 870 891 
Output #4

53826
10177
0
177819
78876
83606
68710
58422

Input #5
3
749 298
723 422 769 761 30 681 169 271 708 521 412 54 246 891 849 193 264 485 903 806 412 911 716 773 512 417 368 401 649 117 3 723 890 771 483 271 803 651 542 863 524 305 916 121 195 764 665 811 248 568 968 11 830 683 783 693 451 150 94 451 618 96 173 507 218 656 778 21 658 671 883 533 975 798 5 521 913 670 683 160 237 651 522 66 685 304 758 136 805 851 938 423 298 111 929 516 118 58 536 127 728 770 660 54 919 16 927 831 685 961 342 921 963 863 338 648 518 448 135 322 298 72 96 948 534 25 463 651 434 350 130 514 471 789 919 389 804 845 571 841 806 912 761 120 774 451 767 643 898 253 964 547 677 60 494 210 436 308 213 869 9 342 734 831 482 653 219 637 497 789 477 654 52 590 774 177 40 892 819 937 497 783 835 173 194 329 734 981 988 946 849 997 639 583 827 120 235 398 109 83 538 585 89 590 526 214 766 917 457 585 205 953 719 40 125 264 368 859 244 707 156 444 703 795 26 882 266 612 631 374 47 168 311 487 109 836 700 875 753 508 811 957 461 881 996 937 144 715 147 387 422 303 830 476 97 208 709 362 171 691 88 569 859 398 55 319 233 106 193 337 614 355 294 426 587 641 362 730 708 861 468 481 163 650 308 611 857 17 324 379 707 411 948 917 808 2 236 393 460 780 729 73 487 374 850 73 367 563 155 426 423 622 906 585 271 213 195 479 581 871 858 640 281 805 908 441 158 143 833 617 275 913 41 761 287 890 185 5 453 339 430 875 961 335 812 583 899 358 62 832 228 919 471 861 723 378 301 232 873 485 849 147 397 241 259 35 483 443 39 935 782 820 161 94 154 972 676 405 682 737 236 909 655 706 121 729 435 421 961 307 257 161 453 654 753 711 40 235 506 431 521 287 250 682 380 756 5 55 160 686 792 747 947 798 452 67 879 238 840 839 545 96 351 349 101 455 412 141 690 917 571 210 203 172 243 934 927 248 340 438 285 131 184 231 281 987 650 159 225 489 349 769 584 51 469 37 505 880 177 194 796 99 404 350 270 646 635 549 245 975 986 530 457 170 112 737 156 761 895 380 601 595 500 537 645 969 573 150 200 101 343 996 199 98 697 820 96 332 368 340 658 706 221 114 875 333 851 382 445 97 114 46 44 613 582 688 933 506 837 133 606 532 480 156 629 528 327 76 211 47 416 868 752 988 982 978 672 184 359 117 632 472 514 675 437 447 715 721 952 551 853 909 434 684 64 415 212 742 490 774 788 257 642 539 245 975 868 916 510 227 384 141 50 897 168 486 343 882 207 646 784 411 554 218 95 969 632 658 711 473 783 850 730 424 741 974 750 608 889 259 834 273 752 884 521 271 721 216 152 927 861 287 690 767 856 136 87 839 793 797 312 575 999 41 351 739 14 100 346 254 359 180 878 462 415 399 732 135 614 235 414 826 521 103 592 377 238 679 567 382 827 878 308 825 918 658 563 283 110 909 889 820 440 766 281 206 164 12 340 129 598 105 955 118 207 546 846 444 576 413 177 403 642 485 579 912 494 142 194 603 402 82 774 193 200 54 398 363 417 89 844 14 194 798 484 752 695 681 196 623 445 372 25 87 208 955 350 702 96 895 656 849 329 430 393 528 835 790 242 252 231 85 617 424 234 452 175 929 485 722 903 929 446 927 367 5 233 716 706 
329 234
362 529 291 791 922 818 625 63 59 228 645 144 197 68 377 1000 595 657 484 668 559 413 465 837 131 470 70 199 527 750 161 888 630 451 30 903 268 7 318 326 586 962 821 782 382 550 782 328 558 265 347 469 29 812 657 512 633 78 710 159 179 870 399 809 320 428 63 939 786 380 616 372 342 437 505 75 338 638 402 247 255 748 715 283 911 372 794 543 801 855 702 980 724 452 140 395 231 202 685 17 934 301 740 627 89 244 701 778 882 454 24 488 553 739 770 464 462 916 6 262 122 59 593 198 510 84 944 93 286 629 109 571 281 200 197 369 443 249 146 676 54 521 515 606 259 285 69 72 552 427 686 25 485 278 222 347 362 166 439 999 794 899 921 74 98 469 794 892 69 291 920 122 811 434 727 422 70 148 493 973 574 178 998 410 808 219 756 521 384 546 871 529 444 791 954 893 611 747 785 679 37 704 800 200 489 878 621 559 25 113 531 950 643 528 360 802 99 467 674 482 13 896 363 808 686 316 701 648 63 837 326 451 892 477 650 380 354 622 938 731 87 821 680 729 700 39 882 798 506 907 632 870 802 994 677 839 309 729 486 723 917 811 526 808 287 175 188 640 149 477 370 235 649 402 315 349 440 548 498 297 454 129 166 255 474 195 93 135 275 578 857 192 388 382 999 26 909 538 17 409 367 739 643 367 140 957 67 931 504 565 228 309 45 745 563 871 291 655 5 566 584 213 757 323 947 107 348 207 997 
364 6
715 454 257 433 593 565 500 876 420 416 103 728 460 199 290 330 490 296 334 55 879 899 163 201 845 621 900 51 969 615 665 35 69 273 468 13 189 967 888 608 382 342 687 193 541 328 523 30 975 208 436 853 458 598 405 302 570 656 352 539 270 368 573 690 640 40 703 828 358 590 787 91 932 473 284 824 152 158 853 126 717 288 978 175 237 734 476 806 389 828 696 11 547 269 700 187 660 754 366 370 696 153 460 627 977 743 802 129 900 654 254 969 293 584 143 529 317 618 686 58 797 382 420 344 2 119 882 13 873 247 382 568 751 842 546 728 936 347 856 188 352 461 156 644 44 298 172 713 915 857 122 64 590 541 407 591 11 640 604 235 886 985 154 637 178 699 716 114 397 571 301 100 383 456 743 427 753 266 491 19 475 612 82 64 504 840 655 514 831 258 749 717 594 902 705 772 953 420 237 701 342 537 801 724 992 543 502 96 161 992 466 635 955 548 698 458 739 352 972 570 961 72 638 907 325 694 678 277 465 914 978 806 802 130 881 145 24 735 240 184 78 705 818 33 604 516 842 695 219 165 616 532 236 253 438 561 298 467 189 762 380 518 919 533 647 799 677 671 885 268 854 963 324 672 347 280 539 188 974 757 705 941 288 940 545 77 852 842 543 393 603 274 910 521 806 557 671 482 579 556 101 784 870 425 807 568 704 345 755 29 454 811 969 93 751 513 522 954 354 64 346 308 338 256 180 143 164 850 977 94 757 77 877 978 501 36 545 556 732 652 584 185 462 552 630 564 416 151 518 121 566 215 428 903 822 607 398 337 809 374 430 565 802 659 
Output #5
179073
65805
5834